function t=table_r(i,j)  %rright negative 0~-180,interval=2 ,size=(31*91)
T=[8.831863044	8.829932365	8.80682963	8.763490358	8.700586718	8.618496136	8.517285842	8.396714845	8.256254012	8.095124064	7.912350555	7.706834622	7.477438523	7.223085731	6.942876284	6.636218757	6.302979821	5.943650244	5.559521598	5.152860171	4.7270536	4.286692067	3.837532553	3.3862876	2.940189374	2.506316152	2.090735429	1.697600965	1.328403328	0.981570313	0.652526234	0.334178833	0.017677814	-0.306761787	-0.649144078	-1.019172412	-1.425923478	-1.877649959	-2.381614293	-2.943846374	-3.568716706	-4.258213917	-5.010812957	-5.819840221	-6.671345701	-7.541795998	-8.396535911	-9.190838696	-9.875660169	-10.40831615	-10.7638881	-10.94032134	-10.95410571	-10.83109506	-10.59952925	-10.28803614	-9.926549529	-9.546962491	-9.182095146	-8.863519829	-8.619436479	-8.473320507	-8.443347405	-8.542163854	-8.776447392	-9.145709782	-9.639873136	-10.23543565	-10.89104726	-11.54574307	-12.12635722	-12.56957596	-12.8512796	-13.00035063	-13.08326231	-13.17411739	-13.33244574	-13.59507334	-13.97608346	-14.46828883	-15.04336314	-15.6513463	-16.22332013	-16.68257581	-16.96522731	-17.03980056	-16.9101737	-16.60058025	-16.13860796	-15.54939026	-14.85962912 %A1 on
    -1.237117392	-1.503161061	-1.784372005	-2.087661897	-2.417703632	-2.776152578	-3.160940049	-3.565689536	-3.979430797	-4.3869485	-4.770210174	-5.111191876	-5.395878906	-5.618362819	-5.78338521	-5.906105427	-6.009209717	-6.118684033	-6.259741327	-6.453678565	-6.715601724	-7.052515064	-7.461305901	-7.926630367	-8.419679231	-8.900169945	-9.324537991	-9.660644285	-9.902665644	-10.07572184	-10.22621117	-10.4049371	-10.65256245	-10.99058353	-11.41530248	-11.8917017	-12.34841318	-12.6835172	-12.79633334	-12.64100954	-12.2576651	-11.74668797	-11.21712114	-10.75540837	-10.42145553	-10.25713704	-10.29639183	-10.5738166	-11.13249291	-12.03315213	-13.36737334	-15.27486771	-17.92528819	-21.03409888	-21.60295842	-18.4608265	-15.26298664	-12.83166129	-11.03079716	-9.705157917	-8.750625575	-8.098444564	-7.700080061	-7.516902405	-7.512389831	-7.645156119	-7.862551289	-8.096992851	-8.270387358	-8.312114791	-8.186150436	-7.90777248	-7.533841467	-7.135831263	-6.777064429	-6.503491734	-6.344137234	-6.314830823	-6.421526537	-6.661877236	-7.024761282	-7.487810772 -8.013533515 -8.546209808 -9.01464751	-9.347319782 -9.499237511 -9.473874627 -9.320028347 -9.106186996 -8.893899293 %A2 on
    -8.159478346	-7.862581176	-7.595046816	-7.400685629	-7.304756838	-7.316797999	-7.433027779	-7.637323988	-7.901340733	-8.185512755	-8.443603222	-8.632830059	-8.727721917	-8.730425931	-8.670041797	-8.591445317	-8.541380502	-8.558608432	-8.669348285	-8.885693311	-9.204360805	-9.604382396	-10.04434254	-10.46282396	-10.78879214	-10.96597168	-10.98106859	-10.8731869	-10.71567296	-10.58805776	-10.55821822	-10.67854011	-10.98999062	-11.52844867	-12.33071063	-13.4389629	-14.90030038	-16.74512825	-18.876935	-20.70601707	-20.98556402	-19.61849716	-17.85352408	-16.359752	-15.2633657	-14.54076868	-14.14332833	-14.01951265	-14.10968215	-14.33182925	-14.56706409	-14.66414401	-14.48996776	-14.00895155	-13.30529633	-12.51758113	-11.76598783	-11.12699195	-10.64020516	-10.32181035	-10.17446072	-10.19267195	-10.3649272	-10.67348712	-11.09229348	-11.5829643	-12.08915953	-12.53154243	-12.81013607	-12.8246732	-12.51375549	-11.88652872	-11.01478048	-9.993695505	-8.907190599	-7.814625068	-6.752271606	-5.739424513	-4.784125905	-3.887324128	-3.045687114	-2.25352223	-1.504138807	-0.790839799	-0.107624598	0.550365972	1.186640688	1.803349016	2.401417975	2.980772217	3.540580873 %A3 on
    -8.770134136	-8.92143569	-9.26715888	-9.794459243	-10.47031678	-11.22246269	-11.9184958	-12.37461047	-12.44140752	-12.12296818	-11.57537521	-10.98674213	-10.49247043	-10.16685439	-10.04295555	-10.12941562	-10.41781849	-10.88163003	-11.46832758	-12.08863774	-12.61597969	-12.91974311	-12.93437742	-12.70342556	-12.34317241	-11.97072671	-11.66320974	-11.45269042	-11.33351314	-11.26888575	-11.19663917	-11.04074798	-10.73412387	-10.24607547	-9.594604749	-8.832470448	-8.020476841	-7.207867449	-6.425904919	-5.689825627	-5.003455593	-4.363570534	-3.763184631	-3.19381186	-2.646939091	-2.114925687	-1.591488461	-1.071893415	-0.552954715	-0.032923479	0.48867344	1.011210261	1.533143024	2.052196278	2.565560637	3.070101105	3.562568321	4.039799081	4.498891032	4.937339052	5.35312589	5.744765138	6.111299278	6.452258824	6.767590561	7.057564041	7.322665983	7.563492346	7.780647376	7.974657846	8.145908777	8.294604358	8.420754693	8.524185967	8.604569098	8.66146038	8.69434733	8.702693905	8.68598129	8.643743111	8.575596717	8.481274555	8.360661139	8.213841334	8.041164431	7.843325657	7.621462299	7.377255724	7.11302335	6.831776993	6.537217469 %A4 on
    -5.857556087	-5.419780793	-5.019313591	-4.6495841	-4.300009978	-3.95728868	-3.607021713	-3.235637172	-2.83236156	-2.390798848	-1.90966446	-1.392465992	-0.846302815	-0.280240756	0.296243606	0.874422264	1.446977989	2.008233435	2.55408097	3.081747221	3.589494913	4.076328192	4.541737649	4.985499978	5.407533292	5.807800492	6.186248703	6.542771508	6.877182322	7.189190878	7.478379772	7.744183148	7.985873653	8.202565478	8.393240169	8.556798019	8.69213246	8.798219559	8.874211114	8.919518756	8.93387825	8.917386963	8.870512439	8.794074919	8.689210716	8.55732578	8.400049342	8.219195877	8.016740079	7.794804344	7.555652334	7.301676436	7.035362917	6.759217764	6.475640313	6.186741751	5.894121026	5.598628732	5.300164709	4.997560732	4.688591079	4.370131276	4.038455297	3.689633762	3.319978339	2.926473413	2.507141881	2.061301806	1.589679648	1.09435335	0.578509018	0.046015895	-0.499138001	-1.053454637	-1.614431896	-2.180794015	-2.752299399	-3.3290602	-3.910425832	-4.493610031	-5.072368852	-5.636173932	-6.170450927	-6.658439105	-7.084830611	-7.440433858	-7.726082849	-7.953847168	-8.144823435	-8.324549648	-8.517897673 %A5 on
    4.360293406	4.220584616	4.130916609	4.090256261	4.09308326	4.130096289	4.189450893	4.258164312	4.323363228	4.373196183	4.397383483	4.387472936	4.336902272	4.240959849	4.096708612	3.902909918	3.659960166	3.369835293	3.036024943	2.663429059	2.258185281	1.827398567	1.378758139	0.92005413	0.458645637	0.000974507	-0.447752414	-0.883597302	-1.303584992	-1.705107786	-2.085226666	-2.440170413	-2.765374693	-3.056302641	-3.310006953	-3.526990942	-3.712616893	-3.877363662	-4.035713552	-4.204063145	-4.398399883	-4.632416971	-4.916431059	-5.257178258	-5.658414267	-6.122196159	-6.650676398	-7.248117385	-7.922620152	-8.686754275	-9.555734689	-10.54043228	-11.6290856	-12.74596771	-13.68265022	-14.08257142	-13.68288135	-12.63081559	-11.31144263	-10.01384138	-8.872578251	-7.934307622	-7.209736826	-6.698078563	-6.396986072	-6.306411883	-6.430077248	-6.775912793	-7.355654079	-8.18265112	-9.264645452	-10.58248344	-12.03439454	-13.33121859	-13.97919087	-13.69703272	-12.80331746	-11.79116002	-10.94068119	-10.35248885	-10.05071073	-10.03594056	-10.30507635	-10.85691976	-11.68988865	-12.78874334	-14.08537318	-15.36752104	-16.17935807	-16.04662008	-15.05561505 %A1+A2 on
