function t=table_l(i,j) %left positive 0~180,interval=2 ,size=(31*91)
T=[8.831863044	8.811467992	8.767431799	8.698342029	8.602758861	8.479285801	8.326636931	8.143695625	7.929559321	7.683565289	7.405293592	7.094545808	6.751301743	6.37566101	5.967781646	5.527833046	5.055984444	5.45017742	5.216190545	4.982203671	4.748216796	4.514229921	4.280243046	4.046256172	3.812269297	3.578282422	3.344295547	-1.736770731	-2.384874572	-3.028603648	-3.680297198	-4.358212975	-5.084956797	-5.885675681	-6.786581643	-7.814031114	-8.993937223	-10.35069107	-11.90353926	-13.65525025	-15.56076806	-17.45628674	-18.97498511	-19.6811692	-19.54263962	-18.97098493	-18.34546664	-17.8337363	-17.46453994	-17.19865239	-16.96147739	-16.66306034	-16.22466775	-15.61032771	-14.84166719	-13.98205817	-13.10555821	-12.27434951	-11.53152282	-10.90314263	-10.4029009	-10.03615418	-9.802555676	-9.697403409	-9.711986804	-9.833150513	-10.04224143	-10.31368946	-10.61381146	-10.90107159	-11.12966249	-11.25780179	-11.25927455	-11.13261886	-10.90178779	-10.60773692	-10.29663122	-10.01075346	-9.784221795	-9.642367827	-9.602844401	-9.677094008	-9.871509219	-10.18804317	-10.62421355	-11.17251992	-11.81938018	-12.54388554	-13.31702696	-14.10243798	-14.85962912; %A1 on
    -1.237117392	-0.977953138	-0.716963043	-0.446042951	-0.158657908	0.149407885	0.479685108	0.831123586	1.200623881	1.583835997	1.976013008	2.372732077	2.7703685	3.16629008	3.558802453	3.946913393	4.329999502	4.538298563	4.89334441	5.248390256	5.603436103	5.958481949	6.313527796	6.668573643	7.023619489	7.378665336	7.733711182	7.779508637	7.964033379	8.119113171	8.244353426	8.339820195	8.405993155	8.443701337	8.454041351	8.438278248	8.397730983	8.333647639	8.247079409	8.138766008	8.009047478	7.857817403	7.684529685	7.488265553	7.267860175	7.022080472	6.749838776	6.450421665	6.123709952	5.770364286	5.391951163	4.990986871	4.570883053	4.13578847	3.690337243	3.239332262	2.787408468	2.338727866	1.896751717	1.464116551	1.04261663	0.633276265	0.236486946	-0.147815957	-0.519962875	-0.880381948	-1.229507834	-1.567837408	-1.896193005	-2.216201893	-2.530907538	-2.84532576	-3.166701503	-3.504252192	-3.868293033	-4.268764199	-4.71324776	-5.204560635	-5.738024289	-6.298727424	-6.859739694	-7.383299745	-7.827594979	-8.159725649	-8.369825501	-8.477015356	-8.522325403	-8.553740786	-8.612334614	-8.723756551	-8.893899293; %A2 0n
    -8.159478346	-8.423642614	-8.584104532	-8.583065343	-8.401523896	-8.068259456	-7.643549241	-7.192571171	-6.766964881	-6.398934897	-6.102747618	-5.878341072	-5.714679854	-5.592614508	-5.487918871	-5.37523124	-5.232969889	-4.723784711	-4.479979107	-4.236173504	-3.9923679	-3.748562297	-3.504756693	-3.260951089	-3.017145486	-2.773339882	-2.529534279	-3.148925286	-3.140435451	-3.131587085	-3.095515425	-3.004522322	-2.835416221	-2.575055534	-2.223601862	-1.793740084	-1.306381638	-0.785169049	-0.252036682	0.275230183	0.783683891	1.264853866	1.713961649	2.129087825	2.510455048	2.859865355	3.18027239	3.475451504	3.749731727	4.007761273	4.254286769	4.493933941	4.730984304	4.969149764	5.211355533	5.45955059	5.714571264	5.976083744	6.242623102	6.511730855	6.780174659	7.044218679	7.29990623	7.543318725	7.770784508	7.979023751	8.165227455	8.327077442	8.462719372	8.570702865	8.649902748	8.699434106	8.718571961	8.706684146	8.66318347	8.587502562	8.479091929	8.33743908	8.162104217	7.952766467	7.709273858	7.43169045	7.120334853	6.775805707	6.398991179	5.991060979	5.553440513	5.087767458	4.595830837	4.079491506	3.540580873; %A3 on
    -8.770134136	-8.817312052	-9.064027496	-9.510831179	-10.15804932	-11.0036248	-12.03657631	-13.22143651	-14.46661174	-15.58003765	-16.27321716	-16.33038829	-15.82256443	-15.02263559	-14.16877457	-13.38406687	-12.70872142	-16.50083262	-16.92027802	-17.33972341	-17.7591688	-18.1786142	-18.59805959	-19.01750498	-19.43695037	-19.85639577	-20.27584116	-8.541871336	-8.483844334	-8.558810281	-8.783540907	-9.1713134	-9.729796819	-10.45515999	-11.31846872	-12.2394582	-13.05275016	-13.51523481	-13.43935342	-12.8675057	-12.02757008	-11.14307317	-10.3460382	-9.692006471	-9.192580819	-8.835583893	-8.593708862	-8.427288117	-8.286017985	-8.113888924	-7.860053006	-7.493557302	-7.013719397	-6.448257896	-5.840530479	-5.234881516	-4.667207813	-4.161660717	-3.730996184	-3.378098367	-3.097381442	-2.875771865	-2.693580507	-2.525915001	-2.345350867	-2.126170731	-1.849472837	-1.507318056	-1.103921371	-0.653278625	-0.174547204	0.312666752	0.791607374	1.2499149	1.679843225	2.077755237	2.443359078	2.778938853	3.088672856	3.37803935	3.653269636	3.920804637	4.186733792	4.456234058	4.733067889	5.019223772	5.314775133	5.617991234	5.925672865	6.23363279	6.537217469 %A4 on
    -5.857556087	-6.334160739	-6.845246289	-7.380146723	-7.922268685	-8.451058051	-8.946165963	-9.393520551	-9.791444871	-10.15402639	-10.51007249	-10.89864188	-11.3639286	-11.95183432	-12.70878112	-13.68129472	-14.91158177	-16.41400638	-18.08532479	-19.46975432	-19.69015159	-18.51828517	-16.7876207	-15.15376999	-13.82727915	-12.83801994	-12.17051376	-11.80276743	-11.71262351	-11.87203296	-12.23181563	-12.69452816	-13.08342857	-13.15773641	-12.74618703	-11.89974901	-10.83535432	-9.761671732	-8.803847325	-8.019124079	-7.428147	-7.035704375	-6.841523076	-6.845628175	-7.051293721	-7.467231723	-8.109998044	-9.007436424	-10.20417459	-11.7704753	-13.81409444	-16.47381711	-19.68991085	-21.75429552	-20.03137596	-17.15282405	-14.84498234	-13.17781588	-12.02068052	-11.27397418	-10.87590341	-10.79053275	-10.99816815	-11.48719549	-12.2428571	-13.22422813	-14.31453857	-15.24514968	-15.61152625	-15.19359152	-14.22527681	-13.10292667	-12.07838602	-11.25232941	-10.64849537	-10.25916479	-10.06341739	-10.03214012	-10.12743472	-10.30039752	-10.49079714	-10.63288668	-10.66990047	-10.57251252	-10.34864444	-10.03600565	-9.683421114	-9.333984393	-9.016637745	-8.744744721	-8.517897673 %A5 on
    4.360293406	4.546647596	4.772618991	5.028804181	5.304767643	5.590161555	5.875470651	6.152379471	6.413847702	6.654005637	6.867968914	7.051643423	7.201562341	7.314774256	7.388785876	7.421554442	7.411522331	7.357688081	7.25971241	7.118062886	6.93420466	6.710844232	6.452225325	6.164456184	5.855811943	5.536903708	5.220548345	4.921141813	4.653390719	4.430445931	4.261792155	4.151525547	4.097661404	4.09274866	4.125519722	4.182933251	4.251972946	4.3208453	4.37953643	4.419884655	4.435381371	4.420880944	4.372338425	4.286635575	4.161513548	3.995604891	3.788544178	3.541130424	3.255510725	2.935349971	2.58594416	2.214225319	1.828597998	1.438548078	1.053984433	0.684321603	0.337386274	0.018312809	-0.271354059	-0.534146184	-0.776638335	-1.008920166	-1.243718496	-1.495364892	-1.778776411	-2.108538455	-2.498082296	-2.958855929	-3.499295423	-4.123305521	-4.827861318	-5.599338949	-6.408585897	-7.206244665	-7.923095759	-8.483234037	-8.832785509	-8.968692278	-8.941913989	-8.832046128	-8.717429448	-8.659663166	-8.702247615	-8.87553628	-9.202476966	-9.702986126	-10.39620426	-11.29932225	-12.41861645	-13.72027166	-15.05561505 %A1+A2 on
